800 2
0.0363575160318	-0.0523204965627	0.0000000000
0.0363233475321	-0.0523244945004	0.0000000000
0.0362888949150	-0.0523268689101	0.0000000000
0.0362541446511	-0.0523275859683	0.0000000000
0.0362192117403	-0.0523266118515	0.0000000000
0.0361842382413	-0.0523239397950	0.0000000000
0.0361492106247	-0.0523195359753	0.0000000000
0.0361142438904	-0.0523133733336	0.0000000000
0.0360795003912	-0.0523054721640	0.0000000000
0.0360449868918	-0.0522957986430	0.0000000000
0.0360107913333	-0.0522843392412	0.0000000000
0.0359770895979	-0.0522711345468	0.0000000000
0.0359439087444	-0.0522561710304	0.0000000000
0.0359113164198	-0.0522394351626	0.0000000000
0.0358795155651	-0.0522209945904	0.0000000000
0.0358485264744	-0.0522008493138	0.0000000000
0.0358184167947	-0.0521789858034	0.0000000000
0.0357893827023	-0.0521555190591	0.0000000000
0.0357614512560	-0.0521304355515	0.0000000000
0.0357346968675	-0.0521037555747	0.0000000000
0.0357092954190	-0.0520756144227	0.0000000000
0.0356852739693	-0.0520460053308	0.0000000000
0.0356627272242	-0.0520149756519	0.0000000000
0.0356417904777	-0.0519826742094	0.0000000000
0.0356224907886	-0.0519490807092	0.0000000000
0.0356049499215	-0.0519143439747	0.0000000000
0.0355892422881	-0.0518785384176	0.0000000000
0.0355751852415	-0.0518418196260	0.0000000000
0.0355613243712	-0.0518048370111	0.0000000000
0.0355473958539	-0.0517676717493	0.0000000000
0.0355333996896	-0.0517303103112	0.0000000000
0.0355193291136	-0.0516927594615	0.0000000000
0.0355051976553	-0.0516550192002	0.0000000000
0.0354909917853	-0.0516170827626	0.0000000000
0.0354767182683	-0.0515789501487	0.0000000000
0.0354623703396	-0.0515406281232	0.0000000000
0.0354479615286	-0.0515021031567	0.0000000000
0.0354334715412	-0.0514633887786	0.0000000000
0.0354189139068	-0.0514244714595	0.0000000000
0.0354042886254	-0.0513853579641	0.0000000000
0.0353895889323	-0.0513460482924	0.0000000000
0.0353748215922	-0.0513065289150	0.0000000000
0.0353599798404	-0.0512668201260	0.0000000000
0.0353450704416	-0.0512269083960	0.0000000000
0.0353300866311	-0.0511867869603	0.0000000000
0.0353150284089	-0.0511464693483	0.0000000000
0.0352999025397	-0.0511059420306	0.0000000000
0.0352846954941	-0.0510652117719	0.0000000000
0.0352694208015	-0.0510242785722	0.0000000000
0.0352540716972	-0.0509831356668	0.0000000000
0.0352386481812	-0.0509417898204	0.0000000000
0.0352231570182	-0.0509002275036	0.0000000000
0.0352075846788	-0.0508584690105	0.0000000000
0.0351919446924	-0.0508164872823	0.0000000000
0.0351762235296	-0.0507743026131	0.0000000000
0.0351604347198	-0.0507319014735	0.0000000000
0.0351445647336	-0.0506892906282	0.0000000000
0.0351286203357	-0.0506464633125	0.0000000000
0.0351126015261	-0.0506034195264	0.0000000000
0.0350965083048	-0.0505601660346	0.0000000000
0.0350803406718	-0.0505166960724	0.0000000000
0.0350640986271	-0.0504730096398	0.0000000000
0.0350477754060	-0.0504290999721	0.0000000000
0.0350313777732	-0.0503849738340	0.0000000000
0.0350148989640	-0.0503406312255	0.0000000000
0.0349983525078	-0.0502960653819	0.0000000000
0.0349817248752	-0.0502512830679	0.0000000000
0.0349650160662	-0.0502062707541	0.0000000000
0.0349482328455	-0.0501610419699	0.0000000000
0.0349313752131	-0.0501155831859	0.0000000000
0.0349144364043	-0.0500699079315	0.0000000000
0.0348974164191	-0.0500239959126	0.0000000000
0.0348803220222	-0.0499778674233	0.0000000000
0.0348631532136	-0.0499315021695	0.0000000000
0.0348458964639	-0.0498849136806	0.0000000000
0.0348285653025	-0.0498380951919	0.0000000000
0.0348111529647	-0.0497910467034	0.0000000000
0.0347936594505	-0.0497437682151	0.0000000000
0.0347760915246	-0.0496962597270	0.0000000000
0.0347584424223	-0.0496485144744	0.0000000000
0.0347407121436	-0.0496005324573	0.0000000000
0.0347229006885	-0.0495523204404	0.0000000000
0.0347050012923	-0.0495038784237	0.0000000000
0.0346870274844	-0.0494551928778	0.0000000000
0.0346689725001	-0.0494062705674	0.0000000000
0.0346508363394	-0.0493571182572	0.0000000000
0.0346326190023	-0.0493077224178	0.0000000000
0.0346143137241	-0.0492580898139	0.0000000000
0.0345959272695	-0.0492082136808	0.0000000000
0.0345774528738	-0.0491580940185	0.0000000000
0.0345589040664	-0.0491077375917	0.0000000000
0.0345402605532	-0.0490571308710	0.0000000000
0.0345215426283	-0.0490062873858	0.0000000000
0.0345027367623	-0.0489552003714	0.0000000000
0.0344838429552	-0.0489038630631	0.0000000000
0.0344648679717	-0.0488522822256	0.0000000000
0.0344458050471	-0.0488004578589	0.0000000000
0.0344266609461	-0.0487483764336	0.0000000000
0.0344074221393	-0.0486960514791	0.0000000000
0.0343881021561	-0.0486434762307	0.0000000000
0.0343686942318	-0.0485906506884	0.0000000000
0.0343491983664	-0.0485375816169	0.0000000000
0.0343296213246	-0.0484842487221	0.0000000000
0.0343099428123	-0.0484306722981	0.0000000000
0.0342901898883	-0.0483768388155	0.0000000000
0.0342703422585	-0.0483227482743	0.0000000000
0.0342504066876	-0.0482684006745	0.0000000000
0.0342303831756	-0.0482138027808	0.0000000000
0.0342102649578	-0.0481589410638	0.0000000000
0.0341900587989	-0.0481038290529	0.0000000000
0.0341697646989	-0.0480484532187	0.0000000000
0.0341493826578	-0.0479928203259	0.0000000000
0.0341289059109	-0.0479369303745	0.0000000000
0.0341083412229	-0.0478807765998	0.0000000000
0.0340876750644	-0.0478243590018	0.0000000000
0.0340669277295	-0.0477676775805	0.0000000000
0.0340460856888	-0.0477107391006	0.0000000000
0.0340251489423	-0.0476535300327	0.0000000000
0.0340041174900	-0.0475960639062	0.0000000000
0.0339829980966	-0.0475383204270	0.0000000000
0.0339617772327	-0.0474803198892	0.0000000000
0.0339404684277	-0.0474220419987	0.0000000000
0.0339190649169	-0.0473635070496	0.0000000000
0.0338975667003	-0.0473046947478	0.0000000000
0.0338759670132	-0.0472456186227	0.0000000000
0.0338542793850	-0.0471862719096	0.0000000000
0.0338324902863	-0.0471266478438	0.0000000000
0.0338106064818	-0.0470667531900	0.0000000000
0.0337886279715	-0.0470065879482	0.0000000000
0.0337665479907	-0.0469461521184	0.0000000000
0.0337443733041	-0.0468854389359	0.0000000000
0.0337221039117	-0.0468244484007	0.0000000000
0.0336997330488	-0.0467631872775	0.0000000000
0.0336772607154	-0.0467016420369	0.0000000000
0.0336546936762	-0.0466398194436	0.0000000000
0.0336320251665	-0.0465777262623	0.0000000000
0.0336092484216	-0.0465153557283	0.0000000000
0.0335863769709	-0.0464527010769	0.0000000000
0.0335634040497	-0.0463897623081	0.0000000000
0.0335403296580	-0.0463265529513	0.0000000000
0.0335171470311	-0.0462630527124	0.0000000000
0.0334938629337	-0.0461992751208	0.0000000000
0.0334704773658	-0.0461352134118	0.0000000000
0.0334469835627	-0.0460708743501	0.0000000000
0.0334233882891	-0.0460062444063	0.0000000000
0.0333996780156	-0.0459413371098	0.0000000000
0.0333758662716	-0.0458761321665	0.0000000000
0.0333519462924	-0.0458106566352	0.0000000000
0.0333279180780	-0.0457448834571	0.0000000000
0.0333037816284	-0.0456788261616	0.0000000000
0.0332795369436	-0.0456124779840	0.0000000000
0.0332551772589	-0.0455458456890	0.0000000000
0.0332307093390	-0.0454789225119	0.0000000000
0.0332061331839	-0.0454117152174	0.0000000000
0.0331814352642	-0.0453442170408	0.0000000000
0.0331566358740	-0.0452764279821	0.0000000000
0.0331317147192	-0.0452083412766	0.0000000000
0.0331066785645	-0.0451399704537	0.0000000000
0.0330815341746	-0.0450713019840	0.0000000000
0.0330562680201	-0.0450023493969	0.0000000000
0.0330308801010	-0.0449330991630	0.0000000000
0.0330053839467	-0.0448635580470	0.0000000000
0.0329797660278	-0.0447937192842	0.0000000000
0.0329540263443	-0.0447235896393	0.0000000000
0.0329281716609	-0.0446531623476	0.0000000000
0.0329021952129	-0.0445824374091	0.0000000000
0.0328760902356	-0.0445114283532	0.0000000000
0.0328498702584	-0.0444401148858	0.0000000000
0.0328235285166	-0.0443685037716	0.0000000000
0.0327970514808	-0.0442965950106	0.0000000000
0.0327704594451	-0.0442243886028	0.0000000000
0.0327437388801	-0.0441518913129	0.0000000000
0.0327168897858	-0.0440790896115	0.0000000000
0.0326899189269	-0.0440059970280	0.0000000000
0.0326628127740	-0.0439326000330	0.0000000000
0.0326355780918	-0.0438588986265	0.0000000000
0.0326082148803	-0.0437849063379	0.0000000000
0.0325807163748	-0.0437106096378	0.0000000000
0.0325530893400	-0.0436360085262	0.0000000000
0.0325253270112	-0.0435611165325	0.0000000000
0.0324974293884	-0.0434859201273	0.0000000000
0.0324693964716	-0.0434104193106	0.0000000000
0.0324412282608	-0.0433346208471	0.0000000000
0.0324129179913	-0.0432585179721	0.0000000000
0.0323844791925	-0.0431821106856	0.0000000000
0.0323558915703	-0.0431053989876	0.0000000000
0.0323271686541	-0.0430283964075	0.0000000000
0.0322982969145	-0.0429510826512	0.0000000000
0.0322692898809	-0.0428734712481	0.0000000000
0.0322401340239	-0.0427955486688	0.0000000000
0.0322108361082	-0.0427173284427	0.0000000000
0.0321813961338	-0.0426388038051	0.0000000000
0.0321518005713	-0.0425599747560	0.0000000000
0.0321220561854	-0.0424808412954	0.0000000000
0.0320921697408	-0.0424014034233	0.0000000000
0.0320621277081	-0.0423216611397	0.0000000000
0.0320319368520	-0.0422416212093	0.0000000000
0.0320015836431	-0.0421612701027	0.0000000000
0.0319710816108	-0.0420806145846	0.0000000000
0.0319404239904	-0.0419996546550	0.0000000000
0.0319096107819	-0.0419183970786	0.0000000000
0.0318786352206	-0.0418368283260	0.0000000000
0.0318475040712	-0.0417549551619	0.0000000000
0.0318162105690	-0.0416727843510	0.0000000000
0.0317847547140	-0.0415903023639	0.0000000000
0.0317531365062	-0.0415075159653	0.0000000000
0.0317213491809	-0.0414244251552	0.0000000000
0.0316893995028	-0.0413410299336	0.0000000000
0.0316572807072	-0.0412573303005	0.0000000000
0.0316249927941	-0.0411733262559	0.0000000000
0.0315925357635	-0.0410890245645	0.0000000000
0.0315599028507	-0.0410044116969	0.0000000000
0.0315271008204	-0.0409194944178	0.0000000000
0.0314941161432	-0.0408342794919	0.0000000000
0.0314609623485	-0.0407487533898	0.0000000000
0.0314276259069	-0.0406629296409	0.0000000000
0.0313941135831	-0.0405768014805	0.0000000000
0.0313604186124	-0.0404903689086	0.0000000000
0.0313265409948	-0.0404036386899	0.0000000000
0.0312924807303	-0.0403166108244	0.0000000000
0.0312582378189	-0.0402292853121	0.0000000000
0.0312238054959	-0.0401416486236	0.0000000000
0.0311891905260	-0.0400537210530	0.0000000000
0.0311543861445	-0.0399654823062	0.0000000000
0.0311193855867	-0.0398769526773	0.0000000000
0.0310841956173	-0.0397881118722	0.0000000000
0.0310488027069	-0.0396989531262	0.0000000000
0.0310132203849	-0.0396094899687	0.0000000000
0.0309774418866	-0.0395197359291	0.0000000000
0.0309414672120	-0.0394296842427	0.0000000000
0.0309052963611	-0.0393393416742	0.0000000000
0.0308689293339	-0.0392486879295	0.0000000000
0.0308323526010	-0.0391577433027	0.0000000000
0.0307955796918	-0.0390665077938	0.0000000000
0.0307586038416	-0.0389749746381	0.0000000000
0.0307214250504	-0.0388831438356	0.0000000000
0.0306840433182	-0.0387910153863	0.0000000000
0.0306464451156	-0.0386985960549	0.0000000000
0.0306086439720	-0.0386058790767	0.0000000000
0.0305706331227	-0.0385128712164	0.0000000000
0.0305324125677	-0.0384195724740	0.0000000000
0.0304939755423	-0.0383259760848	0.0000000000
0.0304553220465	-0.0382320955782	0.0000000000
0.0304164588450	-0.0381379174248	0.0000000000
0.0303773724084	-0.0380434483893	0.0000000000
0.0303380695014	-0.0379486952364	0.0000000000
0.0302985501240	-0.0378536444367	0.0000000000
0.0302588007468	-0.0377583027549	0.0000000000
0.0302188348992	-0.0376626837204	0.0000000000
0.0301786390518	-0.0375667670391	0.0000000000
0.0301382132046	-0.0374705662404	0.0000000000
0.0300975641223	-0.0373740880890	0.0000000000
0.0300566850402	-0.0372773122908	0.0000000000
0.0300155759583	-0.0371802523752	0.0000000000
0.0299742301119	-0.0370829151069	0.0000000000
0.0299326475010	-0.0369852937212	0.0000000000
0.0298908348903	-0.0368873882181	0.0000000000
0.0298487787504	-0.0367891985976	0.0000000000
0.0298064858460	-0.0366907316244	0.0000000000
0.0297639494124	-0.0365919872985	0.0000000000
0.0297211694496	-0.0364929588552	0.0000000000
0.0296781459576	-0.0363936530592	0.0000000000
0.0296348721717	-0.0362940766752	0.0000000000
0.0295913548566	-0.0361942161738	0.0000000000
0.0295475872476	-0.0360940850844	0.0000000000
0.0295035625800	-0.0359936698776	0.0000000000
0.0294592876185	-0.0358929908475	0.0000000000
0.0294147555984	-0.0357920412294	0.0000000000
0.0293699665197	-0.0356908142586	0.0000000000
0.0293249203824	-0.0355893166998	0.0000000000
0.0292796104218	-0.0354875553177	0.0000000000
0.0292340434026	-0.0353855233476	0.0000000000
0.0291882057954	-0.0352832275542	0.0000000000
0.0291421043649	-0.0351806611728	0.0000000000
0.0290957323464	-0.0350778377328	0.0000000000
0.0290490897399	-0.0349747437048	0.0000000000
0.0290021697807	-0.0348713926182	0.0000000000
0.0289549859982	-0.0347677777083	0.0000000000
0.0289075316277	-0.0346639260339	0.0000000000
0.0288598066692	-0.0345598308303	0.0000000000
0.0288118043580	-0.0344554920975	0.0000000000
0.0287635246941	-0.0343508963061	0.0000000000
0.0287149676775	-0.0342460502208	0.0000000000
0.0286661265435	-0.0341409606063	0.0000000000
0.0286170012921	-0.0340356139332	0.0000000000
0.0285675851586	-0.0339300304956	0.0000000000
0.0285178646136	-0.0338241358818	0.0000000000
0.0284678464218	-0.0337180045035	0.0000000000
0.0284175508773	-0.0336116363607	0.0000000000
0.0283669576860	-0.0335050314534	0.0000000000
0.0283160803773	-0.0333981897816	0.0000000000
0.0282649054218	-0.0332911181100	0.0000000000
0.0282134395842	-0.0331838164386	0.0000000000
0.0281616760998	-0.0330762847674	0.0000000000
0.0281096217333	-0.0329685230964	0.0000000000
0.0280572629553	-0.0328605381903	0.0000000000
0.0280046065305	-0.0327523300491	0.0000000000
0.0279516456942	-0.0326438919081	0.0000000000
0.0278983804464	-0.0325352305320	0.0000000000
0.0278448107871	-0.0324263594502	0.0000000000
0.0277909367163	-0.0323172651333	0.0000000000
0.0277367514693	-0.0322079475813	0.0000000000
0.0276822550461	-0.0320984203236	0.0000000000
0.0276274542114	-0.0319886765955	0.0000000000
0.0275723354358	-0.0318787299264	0.0000000000
0.0275168987193	-0.0317685667869	0.0000000000
0.0274611508266	-0.0316581939417	0.0000000000
0.0274050849930	-0.0315476181555	0.0000000000
0.0273486944538	-0.0314368326636	0.0000000000
0.0272919859737	-0.0313258509954	0.0000000000
0.0272349527880	-0.0312146663862	0.0000000000
0.0271775948967	-0.0311032856007	0.0000000000
0.0271199122998	-0.0309917018742	0.0000000000
0.0270618982326	-0.0308799287361	0.0000000000
0.0270035594598	-0.0307679594217	0.0000000000
0.0269448824520	-0.0306557939310	0.0000000000
0.0268858807386	-0.0305434457934	0.0000000000
0.0268265340255	-0.0304309082442	0.0000000000
0.0267668626068	-0.0303181880481	0.0000000000
0.0267068461884	-0.0302052784404	0.0000000000
0.0266464915350	-0.0300921929505	0.0000000000
0.0265857918819	-0.0299789248137	0.0000000000
0.0265247472291	-0.0298654807947	0.0000000000
0.0264633643413	-0.0297518608935	0.0000000000
0.0264016296891	-0.0296380718748	0.0000000000
0.0263395500372	-0.0295241069739	0.0000000000
0.0262771186209	-0.0294099797202	0.0000000000
0.0262143354402	-0.0292956833490	0.0000000000
0.0261512004951	-0.0291812178603	0.0000000000
0.0260877070209	-0.0290665967835	0.0000000000
0.0260238617823	-0.0289518133539	0.0000000000
0.0259596580146	-0.0288368811009	0.0000000000
0.0258951363060	-0.0287218676715	0.0000000000
0.0258302560683	-0.0286067121834	0.0000000000
0.0257650173015	-0.0284914146366	0.0000000000
0.0256994200056	-0.0283759750311	0.0000000000
0.0256334641806	-0.0282604001316	0.0000000000
0.0255670957089	-0.0281446222911	0.0000000000
0.0255003416493	-0.0280286820978	0.0000000000
0.0254332222959	-0.0279126269046	0.0000000000
0.0253657444134	-0.0277964567115	0.0000000000
0.0252979012371	-0.0276801715185	0.0000000000
0.0252296860023	-0.0275637780903	0.0000000000
0.0251610987090	-0.0274472831916	0.0000000000
0.0250921461219	-0.0273306800577	0.0000000000
0.0250228147116	-0.0272139822180	0.0000000000
0.0249531044781	-0.0270971829078	0.0000000000
0.0248830221861	-0.0269802888918	0.0000000000
0.0248125610709	-0.0268633069347	0.0000000000
0.0247417143678	-0.0267462370365	0.0000000000
0.0246704888415	-0.0266290859619	0.0000000000
0.0245988777273	-0.0265118469462	0.0000000000
0.0245268742605	-0.0263945267541	0.0000000000
0.0244544919705	-0.0262771389150	0.0000000000
0.0243817105632	-0.0261596698995	0.0000000000
0.0243085368033	-0.0260421400017	0.0000000000
0.0242349774555	-0.0259245356922	0.0000000000
0.0241610122257	-0.0258068705004	0.0000000000
0.0240866546433	-0.0256891444263	0.0000000000
0.0240118911789	-0.0255713642346	0.0000000000
0.0239367353619	-0.0254535231606	0.0000000000
0.0238611668982	-0.0253356414984	0.0000000000
0.0237851993172	-0.0252177057186	0.0000000000
0.0237088190895	-0.0250997293506	0.0000000000
0.0236320329798	-0.0249817123944	0.0000000000
0.0235548274587	-0.0248636548500	0.0000000000
0.0234772160556	-0.0247455634821	0.0000000000
0.0233991920058	-0.0246274382907	0.0000000000
0.0233207485446	-0.0245092928052	0.0000000000
0.0232418856720	-0.0243911134962	0.0000000000
0.0231625966233	-0.0242729206578	0.0000000000
0.0230828881632	-0.0241547142900	0.0000000000
0.0230027535270	-0.0240364876281	0.0000000000
0.0229221994794	-0.0239182542015	0.0000000000
0.0228412124910	-0.0238000072455	0.0000000000
0.0227597925618	-0.0236817670542	0.0000000000
0.0226779396918	-0.0235635200982	0.0000000000
0.0225956538810	-0.0234452799069	0.0000000000
0.0225129351294	-0.0233270464803	0.0000000000
0.0224297902017	-0.0232088468772	0.0000000000
0.0223462935096	-0.0230907825681	0.0000000000
0.0222623774061	-0.0229727520825	0.0000000000
0.0221780351265	-0.0228547554204	0.0000000000
0.0220932125532	-0.0227367046407	0.0000000000
0.0220079435097	-0.0226186606257	0.0000000000
0.0219222618195	-0.0225006707283	0.0000000000
0.0218361810120	-0.0223827281838	0.0000000000
0.0217496875578	-0.0222648397569	0.0000000000
0.0216628017510	-0.0221470054476	0.0000000000
0.0215755100622	-0.0220292320206	0.0000000000
0.0214878192561	-0.0219115059465	0.0000000000
0.0213997293327	-0.0217938475194	0.0000000000
0.0213112538214	-0.0216762364452	0.0000000000
0.0212223859575	-0.0215586930180	0.0000000000
0.0211331257410	-0.0214412104731	0.0000000000
0.0210434731719	-0.0213237888105	0.0000000000
0.0209534417796	-0.0212064280302	0.0000000000
0.0208630247994	-0.0210891348969	0.0000000000
0.0207722289960	-0.0209719026459	0.0000000000
0.0206810611341	-0.0208547380419	0.0000000000
0.0205895076843	-0.0207376410849	0.0000000000
0.0204975889407	-0.0206206117749	0.0000000000
0.0204052981386	-0.0205036501119	0.0000000000
0.0203126352780	-0.0203867560959	0.0000000000
0.0202196071236	-0.0202699364916	0.0000000000
0.0201262204401	-0.0201531845343	0.0000000000
0.0200324684628	-0.0200365069887	0.0000000000
0.0199383647211	-0.0199199038548	0.0000000000
0.0198439024503	-0.0198033683679	0.0000000000
0.0197490884151	-0.0196869140574	0.0000000000
0.0196539226155	-0.0195705341586	0.0000000000
0.0195584118162	-0.0194542354362	0.0000000000
0.0194625560172	-0.0193380111255	0.0000000000
0.0193663552185	-0.0192218612265	0.0000000000
0.0192698229495	-0.0191057925039	0.0000000000
0.0191729524455	-0.0189898117224	0.0000000000
0.0190757437065	-0.0188739053526	0.0000000000
0.0189782102619	-0.0187580801592	0.0000000000
0.0188803521117	-0.0186423361422	0.0000000000
0.0187821692559	-0.0185266800663	0.0000000000
0.0186836616945	-0.0184111051668	0.0000000000
0.0185848361922	-0.0182956114437	0.0000000000
0.0184856995137	-0.0181802124264	0.0000000000
0.0183862448943	-0.0180648945855	0.0000000000
0.0182865602751	-0.0179497458621	0.0000000000
0.0181865983032	-0.0178347256680	0.0000000000
0.0180862778022	-0.0177197392974	0.0000000000
0.0179856258309	-0.0176048273385	0.0000000000
0.0178846897422	-0.0174900371442	0.0000000000
0.0177834560067	-0.0173753687145	0.0000000000
0.0176819381538	-0.0172608220494	0.0000000000
0.0175801294188	-0.0171464106783	0.0000000000
0.0174780298017	-0.0170321346012	0.0000000000
0.0173756393025	-0.0169179870534	0.0000000000
0.0172729579212	-0.0168039883290	0.0000000000
0.0171699856578	-0.0166901316633	0.0000000000
0.0170667292770	-0.0165764170563	0.0000000000
0.0169631820141	-0.0164628580374	0.0000000000
0.0168593506338	-0.0163494478419	0.0000000000
0.0167552283714	-0.0162361932345	0.0000000000
0.0166508152269	-0.0161231077446	0.0000000000
0.0165461179650	-0.0160101778428	0.0000000000
0.0164411298210	-0.0158974170585	0.0000000000
0.0163358575596	-0.0157848253917	0.0000000000
0.0162302944161	-0.0156724096071	0.0000000000
0.0161244471552	-0.0155601697047	0.0000000000
0.0160183157769	-0.0154481124492	0.0000000000
0.0159118935165	-0.0153362378406	0.0000000000
0.0158051939034	-0.0152245458789	0.0000000000
0.0156982034082	-0.0151130500935	0.0000000000
0.0155909287956	-0.0150017437197	0.0000000000
0.0154833700656	-0.0148906402869	0.0000000000
0.0153755272182	-0.0147797330304	0.0000000000
0.0152674002534	-0.0146690287149	0.0000000000
0.0151589891712	-0.0145585341051	0.0000000000
0.0150503007363	-0.0144482424363	0.0000000000
0.0149413214193	-0.0143381740026	0.0000000000
0.0148320647496	-0.0142283152746	0.0000000000
0.0147225307272	-0.0141186797817	0.0000000000
0.0146127125874	-0.0140092675239	0.0000000000
0.0145026170949	-0.0139000785012	0.0000000000
0.0143922374850	-0.0137911194783	0.0000000000
0.0142815805224	-0.0136823972199	0.0000000000
0.0141706394424	-0.0135739117260	0.0000000000
0.0140594277744	-0.0134656629966	0.0000000000
0.0139479387537	-0.0133576510317	0.0000000000
0.0138361656156	-0.0132498961254	0.0000000000
0.0137241218895	-0.0131423847483	0.0000000000
0.0136119022812	-0.0130352183709	0.0000000000
0.0134993850261	-0.0129282819933	0.0000000000
0.0133866242418	-0.0128216229684	0.0000000000
0.0132736266930	-0.0127152210021	0.0000000000
0.0131603923797	-0.0126090963885	0.0000000000
0.0130469415960	-0.0125032288335	0.0000000000
0.0129332675772	-0.0123976183371	0.0000000000
0.0128193838527	-0.0122922581346	0.0000000000
0.0127052904225	-0.0121871549907	0.0000000000
0.0125910075807	-0.0120823021407	0.0000000000
0.0124765285626	-0.0119776928199	0.0000000000
0.0123618668976	-0.0118733202636	0.0000000000
0.0122470225857	-0.0117691912365	0.0000000000
0.0121320159210	-0.0116652989739	0.0000000000
0.0120168401388	-0.0115616299464	0.0000000000
0.0119015020038	-0.0114581909187	0.0000000000
0.0117860150454	-0.0113549818908	0.0000000000
0.0116703860283	-0.0112519893333	0.0000000000
0.0115546149525	-0.0111492132462	0.0000000000
0.0114387153474	-0.0110466536295	0.0000000000
0.0113226872130	-0.0109443037185	0.0000000000
0.0112065440787	-0.0108421635132	0.0000000000
0.0110902859445	-0.0107402194842	0.0000000000
0.0109739263398	-0.0106384783962	0.0000000000
0.0108574720293	-0.0105369402492	0.0000000000
0.0107409230130	-0.0104355915138	0.0000000000
0.0106242860556	-0.0103344321900	0.0000000000
0.0105075679218	-0.0102334555131	0.0000000000
0.0103907821410	-0.0101326682478	0.0000000000
0.0102739354779	-0.0100320568647	0.0000000000
0.0101570211678	-0.0099316213638	0.0000000000
0.0100400595048	-0.0098313617451	0.0000000000
0.0099230572536	-0.0097312644792	0.0000000000
0.0098060076495	-0.0096313430955	0.0000000000
0.0096889309866	-0.0095315772999	0.0000000000
0.0095718272649	-0.0094319670924	0.0000000000
0.0094547032491	-0.0093325192377	0.0000000000
0.0093375657039	-0.0092332134417	0.0000000000
0.0092204213940	-0.0091340632338	0.0000000000
0.0091032838488	-0.0090350618493	0.0000000000
0.0089861733624	-0.0089362228176	0.0000000000
0.0088690831701	-0.0088375326093	0.0000000000
0.0087520065072	-0.0087389844597	0.0000000000
0.0086349433737	-0.0086405783688	0.0000000000
0.0085179072990	-0.0085423143366	0.0000000000
0.0084008915184	-0.0084441991278	0.0000000000
0.0082839027966	-0.0083462327424	0.0000000000
0.0081669411336	-0.0082484151804	0.0000000000
0.0080500200588	-0.0081507464418	0.0000000000
0.0079331260428	-0.0080532265266	0.0000000000
0.0078162793797	-0.0079558486701	0.0000000000
0.0076994665401	-0.0078586264017	0.0000000000
0.0075827010534	-0.0077615529567	0.0000000000
0.0074659829196	-0.0076646283351	0.0000000000
0.0073493121387	-0.0075678593016	0.0000000000
0.0072326954754	-0.0074712390915	0.0000000000
0.0071161329297	-0.0073747744695	0.0000000000
0.0069996312663	-0.0072784586709	0.0000000000
0.0068831837205	-0.0071822984604	0.0000000000
0.0067668038217	-0.0070862870733	0.0000000000
0.0066504920434	-0.0069904312743	0.0000000000
0.0065342473033	-0.0068947310634	0.0000000000
0.0064180742014	-0.0067991864406	0.0000000000
0.0063019755788	-0.0067037990971	0.0000000000
0.0061859546150	-0.0066085655152	0.0000000000
0.0060700127982	-0.0065134886714	0.0000000000
0.0059541536460	-0.0064185680922	0.0000000000
0.0058383796614	-0.0063238047246	0.0000000000
0.0057226938884	-0.0062291991774	0.0000000000
0.0056070982890	-0.0061347518566	0.0000000000
0.0054915955012	-0.0060404627621	0.0000000000
0.0053761889074	-0.0059463324352	0.0000000000
0.0052608806047	-0.0058523614169	0.0000000000
0.0051456736373	-0.0057585501131	0.0000000000
0.0050305699668	-0.0056648991328	0.0000000000
0.0049155727050	-0.0055714084082	0.0000000000
0.0048006837461	-0.0054780784806	0.0000000000
0.0046859062018	-0.0053849102969	0.0000000000
0.0045712430485	-0.0052919033836	0.0000000000
0.0044566957746	-0.0051990588232	0.0000000000
0.0043422674918	-0.0051063765479	0.0000000000
0.0042279611765	-0.0050138570313	0.0000000000
0.0041137783846	-0.0049215013557	0.0000000000
0.0039997250690	-0.0048293119565	0.0000000000
0.0038857967652	-0.0047372939747	0.0000000000
0.0037719881288	-0.0046454553928	0.0000000000
0.0036582949659	-0.0045538052755	0.0000000000
0.0035447124059	-0.0044623527550	0.0000000000
0.0034312361869	-0.0043711068961	0.0000000000
0.0033178620473	-0.0042800762900	0.0000000000
0.0032045856575	-0.0041892691219	0.0000000000
0.0030914025530	-0.0040986945918	0.0000000000
0.0029783086072	-0.0040083612909	0.0000000000
0.0028652993555	-0.0039182774046	0.0000000000
0.0027523710096	-0.0038284517944	0.0000000000
0.0026395361518	-0.0037388732312	0.0000000000
0.0025268350998	-0.0036494926706	0.0000000000
0.0024143122300	-0.0035602580924	0.0000000000
0.0023020113777	-0.0034711179493	0.0000000000
0.0021899756339	-0.0033820209650	0.0000000000
0.0020782476164	-0.0032929170807	0.0000000000
0.0019668694691	-0.0032037563053	0.0000000000
0.0018558825244	-0.0031144904741	0.0000000000
0.0017453273029	-0.0030250713548	0.0000000000
0.0016352470986	-0.0029354501739	0.0000000000
0.0015258572996	-0.0028453801552	0.0000000000
0.0014176371173	-0.0027542668844	0.0000000000
0.0013111389569	-0.0026615256209	0.0000000000
0.0012069447181	-0.0025665941505	0.0000000000
0.0011056172239	-0.0024688843502	0.0000000000
0.0010079085059	-0.0023679922997	0.0000000000
0.0009144637136	-0.0022634292494	0.0000000000
0.0008258435054	-0.0021550266231	0.0000000000
0.0007421528694	-0.0020431895586	0.0000000000
0.0006632450318	-0.0019281990615	0.0000000000
0.0005890024899	-0.0018103607611	0.0000000000
0.0005194160775	-0.0016901648950	0.0000000000
0.0004542706229	-0.0015677524397	0.0000000000
0.0003934439626	-0.0014433907361	0.0000000000
0.0003368615359	-0.0013174377044	0.0000000000
0.0002843359742	-0.0011899820299	0.0000000000
0.0002357689459	-0.0010612754948	0.0000000000
0.0001910441724	-0.0009315000018	0.0000000000
0.0001500873098	-0.0008007782625	0.0000000000
0.0001130941420	-0.0006691004208	0.0000000000
0.0000804329798	-0.0005366413916	0.0000000000
0.0000524190988	-0.0004033407254	0.0000000000
0.0000294234543	-0.0002693217835	0.0000000000
0.0000118376527	-0.0001348877933	0.0000000000
0.0000000000000	0.0000000000000	0.0000000000
-0.0000058597868	0.0001353901467	0.0000000000
-0.0000060466818	0.0002706734720	0.0000000000
-0.0000010554183	0.0004058566121	0.0000000000
0.0000086302778	0.0005409280535	0.0000000000
0.0000224887689	0.0006754813729	0.0000000000
0.0000400201796	0.0008094991108	0.0000000000
0.0000607517568	0.0009430460594	0.0000000000
0.0000842260891	0.0010761689966	0.0000000000
0.0001099716105	0.0012087765312	0.0000000000
0.0001375610404	0.0013409667516	0.0000000000
0.0001665770507	0.0014728265163	0.0000000000
0.0001966142061	0.0016044365284	0.0000000000
0.0002275032875	0.0017358073406	0.0000000000
0.0002594025618	0.0018668968090	0.0000000000
0.0002924957921	0.0019976592717	0.0000000000
0.0003269815630	0.0021280941201	0.0000000000
0.0003630605155	0.0022581865393	0.0000000000
0.0004008629173	0.0023876672944	0.0000000000
0.0004405747707	0.0025164732029	0.0000000000
0.0004823841479	0.0026445410151	0.0000000000
0.0005264816307	0.0027718066691	0.0000000000
0.0005730605408	0.0028982048857	0.0000000000
0.0006223171356	0.0030236695060	0.0000000000
0.0006743899359	0.0031479922450	0.0000000000
0.0007293299746	0.0032708032088	0.0000000000
0.0007873980918	0.0033923148090	0.0000000000
0.0008483132682	0.0035122866958	0.0000000000
0.0009117794807	0.0036308047810	0.0000000000
0.0009775350029	0.0037480134232	0.0000000000
0.0010453235881	0.0038640538017	0.0000000000
0.0011148940629	0.0039790647282	0.0000000000
0.0011859514187	0.0040931066790	0.0000000000
0.0012582040971	0.0042062466924	0.0000000000
0.0013314529452	0.0043186894681	0.0000000000
0.0014054687073	0.0044305845738	0.0000000000
0.0014800242924	0.0045420790062	0.0000000000
0.0015549372567	0.0046533078566	0.0000000000
0.0016301735060	0.0047642605042	0.0000000000
0.0017057628050	0.0048749127315	0.0000000000
0.0017817359330	0.0049852434326	0.0000000000
0.0018581234666	0.0050952303517	0.0000000000
0.0019349555763	0.0052048519093	0.0000000000
0.0020122630414	0.0053140853761	0.0000000000
0.0020900759649	0.0054229095785	0.0000000000
0.0021684244497	0.0055313023284	0.0000000000
0.0022473389370	0.0056392420463	0.0000000000
0.0023268492590	0.0057467074234	0.0000000000
0.0024069617746	0.0058536456275	0.0000000000
0.0024878900454	0.0059602657554	0.0000000000
0.0025694949892	0.0060662569691	0.0000000000
0.0026518284235	0.0061715495246	0.0000000000
0.0027349527188	0.0062760891690	0.0000000000
0.0028189295017	0.0063798208376	0.0000000000
0.0029038206014	0.0064826906835	0.0000000000
0.0029896863591	0.0065846447242	0.0000000000
0.0030765884688	0.0066856291129	0.0000000000
0.0031645872041	0.0067855893936	0.0000000000
0.0032537425001	0.0068844757782	0.0000000000
0.0033441146303	0.0069822324579	0.0000000000
0.0034357631918	0.0070788053151	0.0000000000
0.0035287471727	0.0071741469969	0.0000000000
0.0036231256965	0.0072682033857	0.0000000000
0.0037189575485	0.0073609203639	0.0000000000
0.0038159427818	0.0074519123436	0.0000000000
0.0039142188552	0.0075412402071	0.0000000000
0.0040139383802	0.0076289918955	0.0000000000
0.0041149509100	0.0077150659383	0.0000000000
0.0042172351358	0.0077994826296	0.0000000000
0.0043207709663	0.0078822690282	0.0000000000
0.0044255409488	0.0079634454282	0.0000000000
0.0045315285772	0.0080430388884	0.0000000000
0.0046387213369	0.0081210561735	0.0000000000
0.0047469649251	0.0081974228718	0.0000000000
0.0048562064419	0.0082721322186	0.0000000000
0.0049664322902	0.0083452112727	0.0000000000
0.0050776303611	0.0084166667988	0.0000000000
0.0051897886136	0.0084865258557	0.0000000000
0.0053028969005	0.0085548019728	0.0000000000
0.0054169471720	0.0086215019148	0.0000000000
0.0055319197426	0.0086866324464	0.0000000000
0.0056476751243	0.0087501394500	0.0000000000
0.0057641667759	0.0088120161609	0.0000000000
0.0058813877975	0.0088722693438	0.0000000000
0.0059993320332	0.0089309192928	0.0000000000
0.0061179929888	0.0089879660079	0.0000000000
0.0062373666056	0.0090434297832	0.0000000000
0.0063574484188	0.0090973106187	0.0000000000
0.0064782357903	0.0091496220438	0.0000000000
0.0065996556612	0.0092003302350	0.0000000000
0.0067216007434	0.0092494081335	0.0000000000
0.0068440634604	0.0092968489746	0.0000000000
0.0069670524711	0.0093426730524	0.0000000000
0.0070905488343	0.0093868803669	0.0000000000
0.0072145660794	0.0094294641534	0.0000000000
0.0073390974417	0.0094704379413	0.0000000000
0.0074641429212	0.0095097949659	0.0000000000
0.0075896889885	0.0095475284625	0.0000000000
0.0077156071143	0.0095835978429	0.0000000000
0.0078418634751	0.0096179963424	0.0000000000
0.0079684513062	0.0096507239610	0.0000000000
0.0080953706076	0.0096817739340	0.0000000000
0.0082226281440	0.0097111394967	0.0000000000
0.0083502171507	0.0097388274138	0.0000000000
0.0084781511571	0.0097648173912	0.0000000000
0.0086064166338	0.0097891026642	0.0000000000
0.0087349662279	0.0098116697034	0.0000000000
0.0088636578807	0.0098324779206	0.0000000000
0.0089924983569	0.0098515205511	0.0000000000
0.0091214876565	0.0098687908302	0.0000000000
0.0092506257795	0.0098842819932	0.0000000000
0.0093799127259	0.0098979805107	0.0000000000
0.0095093484957	0.0099098660886	0.0000000000
0.0096389330889	0.0099199251975	0.0000000000
0.0097686665055	0.0099281375433	0.0000000000
0.0098983863927	0.0099344760672	0.0000000000
0.0100280318682	0.0099389340045	0.0000000000
0.0101576096967	0.0099414775317	0.0000000000
0.0102871131135	0.0099420998841	0.0000000000
0.0104165488833	0.0099407807676	0.0000000000
0.0105459102414	0.0099374998881	0.0000000000
0.0106751971878	0.0099322369515	0.0000000000
0.0108044097225	0.0099249513696	0.0000000000
0.0109334531397	0.0099156431424	0.0000000000
0.0110621515572	0.0099042852111	0.0000000000
0.0111904982103	0.0098908640463	0.0000000000
0.0113184998637	0.0098753593539	0.0000000000
0.0114461429880	0.0098577373104	0.0000000000
0.0115734275832	0.0098379843864	0.0000000000
0.0117003468846	0.0098160667584	0.0000000000
0.0118269008922	0.0097919438382	0.0000000000
0.0119529949002	0.0097656156258	0.0000000000
0.0120784394970	0.0097371159447	0.0000000000
0.0122032008591	0.0097064786184	0.0000000000
0.0123272925159	0.0096737307057	0.0000000000
0.0124507212321	0.0096389060301	0.0000000000
0.0125734937724	0.0096020248857	0.0000000000
0.0126956169015	0.0095631075666	0.0000000000
0.0128170906194	0.0095221946610	0.0000000000
0.0129378946320	0.0094793064630	0.0000000000
0.0130578259983	0.0094345579725	0.0000000000
0.0131768914830	0.0093879897777	0.0000000000
0.0132951046155	0.0093396221727	0.0000000000
0.0134124721605	0.0092895025104	0.0000000000
0.0135290144121	0.0092376578496	0.0000000000
0.0136447381350	0.0091841152491	0.0000000000
0.0137596636233	0.0091289085324	0.0000000000
0.0138737908770	0.0090720715230	0.0000000000
0.0139869913668	0.0090137056914	0.0000000000
0.0140992380339	0.0089538583905	0.0000000000
0.0142105714665	0.0088925702085	0.0000000000
0.0143209916646	0.0088298749689	0.0000000000
0.0144305189223	0.0087657929658	0.0000000000
0.0145391802984	0.0087003580227	0.0000000000
0.0146469825576	0.0086336039631	0.0000000000
0.0147539392293	0.0085655510811	0.0000000000
0.0148600164900	0.0084962737884	0.0000000000
0.0149651534574	0.0084258397320	0.0000000000
0.0150693704256	0.0083542759707	0.0000000000
0.0151727012181	0.0082816163280	0.0000000000
0.0152751525996	0.0082078810980	0.0000000000
0.0153767516289	0.0081330905748	0.0000000000
0.0154775050707	0.0080572853466	0.0000000000
0.0155774332191	0.0079804721781	0.0000000000
0.0156765969564	0.0079026443046	0.0000000000
0.0157750301061	0.0078238152555	0.0000000000
0.0158725635507	0.0077441473836	0.0000000000
0.0159692311137	0.0076636609830	0.0000000000
0.0160650395598	0.0075823695831	0.0000000000
0.0161600159478	0.0075003070074	0.0000000000
0.0162541738071	0.0074174867853	0.0000000000
0.0163475334318	0.0073339292109	0.0000000000
0.0164401151160	0.0072496478136	0.0000000000
0.0165319256244	0.0071646696522	0.0000000000
0.0166229852511	0.0070790082561	0.0000000000
0.0167133075255	0.0069926771547	0.0000000000
0.0168029127417	0.0069056966421	0.0000000000
0.0168918144291	0.0068180802477	0.0000000000
0.0169800193524	0.0067298483332	0.0000000000
0.0170675410410	0.0066410121281	0.0000000000
0.0171544065537	0.0065515867853	0.0000000000
0.0172406091258	0.0064615863077	0.0000000000
0.0173261149338	0.0063710985011	0.0000000000
0.0174108969189	0.0062801590155	0.0000000000
0.0174950024340	0.0061887604773	0.0000000000
0.0175784382438	0.0060969153336	0.0000000000
0.0176612178777	0.0060046352198	0.0000000000
0.0177433616298	0.0059119323121	0.0000000000
0.0178248762648	0.0058188175696	0.0000000000
0.0179057820768	0.0057253026274	0.0000000000
0.0179860790658	0.0056313981061	0.0000000000
0.0180657875259	0.0055371145586	0.0000000000
0.0181449209865	0.0054424621321	0.0000000000
0.0182234862123	0.0053474507706	0.0000000000
0.0183014967327	0.0052520906888	0.0000000000
0.0183789593124	0.0051563908838	0.0000000000
0.0184558942455	0.0050603609614	0.0000000000
0.0185322947673	0.0049640099864	0.0000000000
0.0186081879366	0.0048673475646	0.0000000000
0.0186835737534	0.0047703812048	0.0000000000
0.0187584589824	0.0046731320805	0.0000000000
0.0188329383294	0.0045754862743	0.0000000000
0.0189068900298	0.0044776091829	0.0000000000
0.0189803208483	0.0043795032417	0.0000000000
0.0190532307849	0.0042811725096	0.0000000000
0.0191256266043	0.0041826184747	0.0000000000
0.0191975083065	0.0040838449929	0.0000000000
0.0192688894209	0.0039848544996	0.0000000000
0.0193397631828	0.0038856501065	0.0000000000
0.0194101363569	0.0037862349929	0.0000000000
0.0194800157079	0.0036866120001	0.0000000000
0.0195494080005	0.0035867841046	0.0000000000
0.0196183064700	0.0034867546210	0.0000000000
0.0196867246458	0.0033865262552	0.0000000000
0.0197546692926	0.0032861029308	0.0000000000
0.0198221336457	0.0031854870153	0.0000000000
0.0198891379992	0.0030846818235	0.0000000000
0.0199556688237	0.0029836912114	0.0000000000
0.0200217464133	0.0028825176140	0.0000000000
0.0200873640033	0.0027811648198	0.0000000000
0.0201525283584	0.0026796359405	0.0000000000
0.0202172462433	0.0025779343583	0.0000000000
0.0202815311874	0.0024760632528	0.0000000000
0.0203453696613	0.0023740262768	0.0000000000
0.0204087751944	0.0022718267451	0.0000000000
0.0204717613161	0.0021694677694	0.0000000000
0.0205343144970	0.0020669531379	0.0000000000
0.0205964550312	0.0019642861655	0.0000000000
0.0206581829187	0.0018614703696	0.0000000000
0.0207194981595	0.0017585090650	0.0000000000
0.0207804142830	0.0016554059723	0.0000000000
0.0208409245245	0.0015521645415	0.0000000000
0.0209010491781	0.0014487883578	0.0000000000
0.0209607814791	0.0013452808037	0.0000000000
0.0210201281922	0.0012416457350	0.0000000000
0.0210790757880	0.0011379260399	0.0000000000
0.0211375904430	0.0010341886213	0.0000000000
0.0211957195101	0.0009303720557	0.0000000000
0.0212534629893	0.0008264795901	0.0000000000
0.0213108276453	0.0007225144041	0.0000000000
0.0213678270075	0.0006184796701	0.0000000000
0.0214244610759	0.0005143786015	0.0000000000
0.0214807298505	0.0004102143709	0.0000000000
0.0215366468607	0.0003059901375	0.0000000000
0.0215922188712	0.0002017090940	0.0000000000
0.0216474458820	0.0000973744268	0.0000000000
0.0217023346578	-0.0000070107152	0.0000000000
0.0217568987280	-0.0001114431493	0.0000000000
0.0218111380926	-0.0002159196993	0.0000000000
0.0218650527516	-0.0003204372231	0.0000000000
0.0219186562344	-0.0004249925616	0.0000000000
0.0219719485410	-0.0005295825489	0.0000000000
0.0220249432008	-0.0006342040665	0.0000000000
0.0220776402138	-0.0007388539958	0.0000000000
0.0221300463447	-0.0008435291371	0.0000000000
0.0221821683582	-0.0009482264666	0.0000000000
0.0222340130190	-0.0010529428050	0.0000000000
0.0222855803271	-0.0011576749727	0.0000000000
0.0223368838119	-0.0012624199934	0.0000000000
0.0223879234734	-0.0013671746876	0.0000000000
0.0224387060763	-0.0014719360789	0.0000000000
0.0224892383853	-0.0015767011231	0.0000000000
0.0225395271651	-0.0016814665731	0.0000000000
0.0225895724157	-0.0017862295879	0.0000000000
0.0226393876665	-0.0018909869204	0.0000000000
0.0226889729175	-0.0019957357293	0.0000000000
0.0227383281687	-0.0021004727676	0.0000000000
0.0227874737142	-0.0022051954648	0.0000000000
0.0228364027893	-0.0023099003708	0.0000000000
0.0228851289234	-0.0024145846445	0.0000000000
0.0229336521165	-0.0025192455123	0.0000000000
0.0229819656039	-0.0026238538860	0.0000000000
0.0230301032091	-0.0027284552921	0.0000000000
0.0230780581674	-0.0028330576453	0.0000000000
0.0231258304788	-0.0029376161632	0.0000000000
0.0231734066139	-0.0030421308458	0.0000000000
0.0232207865727	-0.0031466008815	0.0000000000
0.0232679771199	-0.0032510255936	0.0000000000
0.0233149850202	-0.0033554047117	0.0000000000
0.0233617967442	-0.0034597376945	0.0000000000
0.0234084190566	-0.0035640237979	0.0000000000
0.0234548587221	-0.0036682627514	0.0000000000
0.0235011089760	-0.0037724540814	0.0000000000
0.0235471765830	-0.0038765973143	0.0000000000
0.0235930547784	-0.0039806916385	0.0000000000
0.0236387503269	-0.0040847368510	0.0000000000
0.0236842632285	-0.0041887323429	0.0000000000
0.0237295867185	-0.0042926780466	0.0000000000
0.0237747343263	-0.0043965724739	0.0000000000
0.0238196992872	-0.0045004160984	0.0000000000
0.0238644816012	-0.0046042082434	0.0000000000
0.0239090812683	-0.0047079480297	0.0000000000
0.0239535050532	-0.0048116353218	0.0000000000
0.0239977529559	-0.0049152697817	0.0000000000
0.0240418182117	-0.0050188502593	0.0000000000
0.0240857075853	-0.0051223772958	0.0000000000
0.0241294210767	-0.0052258499440	0.0000000000
0.0241729586859	-0.0053292676629	0.0000000000
0.0242163136482	-0.0054326299113	0.0000000000
0.0242594994930	-0.0055359362156	0.0000000000
0.0243025162203	-0.0056391865758	0.0000000000
0.0243453503007	-0.0057423805184	0.0000000000
0.0243880152636	-0.0058455169611	0.0000000000
0.0244305111090	-0.0059485959714	0.0000000000
0.0244728378369	-0.0060516174818	0.0000000000
0.0245149886826	-0.0061545800717	0.0000000000
0.0245569704108	-0.0062574841469	0.0000000000
0.0245987830215	-0.0063603288281	0.0000000000
0.0246404265147	-0.0064631134387	0.0000000000
0.0246819008904	-0.0065658386553	0.0000000000
0.0247232061486	-0.0066685028542	0.0000000000
0.0247643490540	-0.0067711061709	0.0000000000
0.0248053228419	-0.0068736454935	0.0000000000
0.0248461275123	-0.0069761306985	0.0000000000
0.0248867765946	-0.0070785482565	0.0000000000
0.0249272565594	-0.0071809049322	0.0000000000
0.0249675674067	-0.0072831939609	0.0000000000
0.0250077226659	-0.0073854288720	0.0000000000
0.0250477088076	-0.0074875893714	0.0000000000
0.0250875393612	-0.0075896957532	0.0000000000
0.0251272075620	-0.0076917277233	0.0000000000
0.0251667066453	-0.0077937055758	0.0000000000
0.0252060569052	-0.0078956090166	0.0000000000
0.0252452380476	-0.0079974515751	0.0000000000
0.0252842636019	-0.0080992264866	0.0000000000
0.0253231335681	-0.0082009337511	0.0000000000
0.0253618411815	-0.0083025801333	0.0000000000
0.0254003932068	-0.0084041521038	0.0000000000
0.0254387896440	-0.0085056564273	0.0000000000
0.0254770237284	-0.0086070998685	0.0000000000
0.0255151089894	-0.0087084688980	0.0000000000
0.0255530318976	-0.0088097702805	0.0000000000
0.0255908059824	-0.0089110040160	0.0000000000
0.0256284244791	-0.0090121701045	0.0000000000
0.0256658873877	-0.0091132617813	0.0000000000
0.0257032014729	-0.0092142858111	0.0000000000
0.0257403599700	-0.0093152421939	0.0000000000
0.0257773696437	-0.0094161241650	0.0000000000
0.0258142237293	-0.0095169384891	0.0000000000
0.0258509289915	-0.0096176784015	0.0000000000
0.0258874854303	-0.0097183439022	0.0000000000
0.0259238862810	-0.0098189417559	0.0000000000
0.0259601450730	-0.0099194651979	0.0000000000
0.0259962482769	-0.0100199209929	0.0000000000
0.0260322026574	-0.0101202956115	0.0000000000
0.0260680149792	-0.0102206025831	0.0000000000
0.0261036784776	-0.0103208351430	0.0000000000
0.0261391931526	-0.0104209932912	0.0000000000
0.0261745387101	-0.0105210026160	0.0000000000
0.0262097219148	-0.0106209037056	0.0000000000
0.0262447630608	-0.0107207303835	0.0000000000
0.0262796553834	-0.0108204691203	0.0000000000
0.0263144056473	-0.0109201334454	0.0000000000
0.0263490138525	-0.0110197301235	0.0000000000
0.0263834867637	-0.0111192794487	0.0000000000
0.0264178176162	-0.0112187340681	0.0000000000
0.0264519996453	-0.0113181075111	0.0000000000
0.0264860396157	-0.0114173997777	0.0000000000
0.0265199442921	-0.0115165973385	0.0000000000
0.0265537069098	-0.0116157137229	0.0000000000
0.0265873274688	-0.0117147421662	0.0000000000
0.0266208127338	-0.0118136759037	0.0000000000
0.0266541627048	-0.0119125284648	0.0000000000
0.0266873773818	-0.0120112863201	0.0000000000
0.0267204567648	-0.0121099562343	0.0000000000
0.0267534008538	-0.0122085382074	0.0000000000
0.0267862164135	-0.0123070254747	0.0000000000
0.0268189034439	-0.0124054248009	0.0000000000
0.0268514551803	-0.0125037361860	0.0000000000
0.0268838851521	-0.0126019528653	0.0000000000
0.0269161798299	-0.0127000748388	0.0000000000
0.0269483527431	-0.0127981088712	0.0000000000
0.0269804038917	-0.0128960414331	0.0000000000
0.0270123265110	-0.0129938860539	0.0000000000
0.0270441273657	-0.0130916359689	0.0000000000
0.0270758064558	-0.0131892911781	0.0000000000
0.0271073705460	-0.0132868516815	0.0000000000
0.0271388061069	-0.0133843174791	0.0000000000
0.0271701334326	-0.0134816885709	0.0000000000
0.0272013389937	-0.0135789649569	0.0000000000
0.0272324227902	-0.0136761398724	0.0000000000
0.0272633983515	-0.0137732200821	0.0000000000
0.0272942521482	-0.0138701988213	0.0000000000
0.0273250044744	-0.0139670828547	0.0000000000
0.0273556350360	-0.0140638721823	0.0000000000
0.0273861573624	-0.0141605600394	0.0000000000
0.0274165714536	-0.0142571464260	0.0000000000
0.0274468773096	-0.0143536381068	0.0000000000
0.0274770749304	-0.0144500283171	0.0000000000
0.0275071643160	-0.0145463170569	0.0000000000
0.0275371454664	-0.0146425043262	0.0000000000
0.0275670251463	-0.0147385901250	0.0000000000
0.0275968033557	-0.0148345744533	0.0000000000
0.0276264733299	-0.0149304573111	0.0000000000
0.0276560485983	-0.0150262386984	0.0000000000
0.0276855156315	-0.0151219186152	0.0000000000
0.0277148879589	-0.0152174970615	0.0000000000
0.0277441588158	-0.0153129672726	0.0000000000
0.0277733349669	-0.0154083360132	0.0000000000
0.0278024096475	-0.0155036032833	0.0000000000
0.0278313963870	-0.0155987623182	0.0000000000
0.0278602816560	-0.0156938198826	0.0000000000
0.0278890722192	-0.0157887692118	0.0000000000
0.0279177748413	-0.0158836170705	0.0000000000
0.0279463827576	-0.0159783566940	0.0000000000
0.0279748959681	-0.0160729880823	0.0000000000
0.0280033212375	-0.0161675112354	0.0000000000
0.0280316585658	-0.0162619329180	0.0000000000
0.0280599079530	-0.0163562463654	0.0000000000
0.0280880693991	-0.0164504515776	0.0000000000
0.0281161496688	-0.0165445485546	0.0000000000
0.0281441352327	-0.0166385372964	0.0000000000
0.0281720396202	-0.0167324178030	0.0000000000
0.0281998628313	-0.0168261900744	0.0000000000
0.0282275981013	-0.0169198473459	0.0000000000
0.0282552589596	-0.0170134031469	0.0000000000
0.0282828318768	-0.0171068439480	0.0000000000
0.0283103236176	-0.0172001765139	0.0000000000
0.0283377409467	-0.0172933940799	0.0000000000
0.0283650770994	-0.0173865034107	0.0000000000
0.0283923388404	-0.0174795045063	0.0000000000
0.0284195194050	-0.0175723973667	0.0000000000
0.0284466255579	-0.0176651684625	0.0000000000
0.0284736572991	-0.0177578380878	0.0000000000
0.0285006146286	-0.0178503859485	0.0000000000
0.0285274975464	-0.0179428255740	0.0000000000
0.0285543060525	-0.0180351501996	0.0000000000
0.0285810469116	-0.0181273665900	0.0000000000
0.0286077133590	-0.0182194679805	0.0000000000
0.0286343121594	-0.0183114476064	0.0000000000
0.0286608365481	-0.0184033189971	0.0000000000
0.0286873000545	-0.0184950821526	0.0000000000
0.0287136823845	-0.0185867100141	0.0000000000
0.0287400038322	-0.0186782161110	0.0000000000
0.0287662576329	-0.0187696072080	0.0000000000
0.0287924437866	-0.0188608833051	0.0000000000
0.0288185622933	-0.0189520444023	0.0000000000
0.0288446199177	-0.0190430904996	0.0000000000
0.0288706098951	-0.0191340215970	0.0000000000
0.0288965389902	-0.0192248376945	0.0000000000
0.0289223936736	-0.0193155320274	0.0000000000
0.0289481874747	-0.0194061113604	0.0000000000
0.0289739203935	-0.0194965756935	0.0000000000
0.0289995789006	-0.0195869182620	0.0000000000
0.0290251832901	-0.0196771458306	0.0000000000
0.0290507132679	-0.0197672516346	0.0000000000
0.0290761823634	-0.0198572492034	0.0000000000
0.0291015905766	-0.0199471250076	0.0000000000
0.0291269379075	-0.0200368858119	0.0000000000
0.0291522108267	-0.0201265248516	0.0000000000
0.0291774228636	-0.0202160488914	0.0000000000
0.0292025807829	-0.0203054511666	0.0000000000
0.0292276642905	-0.0203947384419	0.0000000000
0.0292526869158	-0.0204839107173	0.0000000000
0.0292776486588	-0.0205729679928	0.0000000000
0.0293025495195	-0.0206618967390	0.0000000000
0.0293273827332	-0.0207507172500	0.0000000000
0.0293521550646	-0.0208394159964	0.0000000000
0.0293768665137	-0.0209279997429	0.0000000000
0.0294015170805	-0.0210164617248	0.0000000000
0.0294261000003	-0.0211048087068	0.0000000000
0.0294506288025	-0.0211930339242	0.0000000000
0.0294750899577	-0.0212811441417	0.0000000000
0.0294994902306	-0.0213691325946	0.0000000000
0.0295238296212	-0.0214570060476	0.0000000000
0.0295481081295	-0.0215447645007	0.0000000000
0.0295723189908	-0.0216324011892	0.0000000000
0.0295964757345	-0.0217199161131	0.0000000000
0.0296205715959	-0.0218073160371	0.0000000000
0.0296446065750	-0.0218946009612	0.0000000000
0.0296685806718	-0.0219817573560	0.0000000000
0.0296924938863	-0.0220688055156	0.0000000000
0.0297163462185	-0.0221557319106	0.0000000000
0.0297401376684	-0.0222425365410	0.0000000000
0.0297638682360	-0.0223292261715	0.0000000000
0.0297875446860	-0.0224157940374	0.0000000000
0.0298111534890	-0.0225022469034	0.0000000000
0.0298347081744	-0.0225885780048	0.0000000000
0.0298582019775	-0.0226747941063	0.0000000000
0.0298816348983	-0.0227608884432	0.0000000000
0.0299050137015	-0.0228468610155	0.0000000000
0.0299283248577	-0.0229327185879	0.0000000000
0.0299515886610	-0.0230184611604	0.0000000000
0.0299747848173	-0.0231040752036	0.0000000000
0.0299979268560	-0.0231895810116	0.0000000000
0.0300210080124	-0.0232749582903	0.0000000000
0.0300440350512	-0.0233602205691	0.0000000000
0.0300670012077	-0.0234453678480	0.0000000000
0.0300899064819	-0.0235303865976	0.0000000000
0.0301127576385	-0.0236152971120	0.0000000000
0.0301355546775	-0.0237000790971	0.0000000000
0.0301582908342	-0.0237847460823	0.0000000000
0.0301809661086	-0.0238692980676	0.0000000000
0.0302035872654	-0.0239537282883	0.0000000000
0.0302261543046	-0.0240380367444	0.0000000000
0.0302486604615	-0.0241222234359	0.0000000000
0.0302711125008	-0.0242062951275	0.0000000000
0.0302935036578	-0.0242902450545	0.0000000000
0.0303158406972	-0.0243740799816	0.0000000000
0.0303381236190	-0.0244577931441	0.0000000000
0.0303603456585	-0.0245413913067	0.0000000000
0.0303825203451	-0.0246248609400	0.0000000000
0.0304046341494	-0.0247082223381	0.0000000000
0.0304266870714	-0.0247914552069	0.0000000000
0.0304486926405	-0.0248745730758	0.0000000000
0.0304706373273	-0.0249575691801	0.0000000000
0.0304925278965	-0.0250404502845	0.0000000000
0.0305143643481	-0.0251232096243	0.0000000000
0.0305361466821	-0.0252058471995	0.0000000000
0.0305578748985	-0.0252883697748	0.0000000000
0.0305795489973	-0.0253707705855	0.0000000000
0.0306011622138	-0.0254530496316	0.0000000000
0.0306227280774	-0.0255352069131	0.0000000000
0.0306442398234	-0.0256172559594	0.0000000000
0.0306656906871	-0.0256991764764	0.0000000000
0.0306870941979	-0.0257809819935	0.0000000000
0.0307084368264	-0.0258626657460	0.0000000000
0.0307297321020	-0.0259442277339	0.0000000000
0.0307509664953	-0.0260256747219	0.0000000000
0.0307721535357	-0.0261069999453	0.0000000000
0.0307932864585	-0.0261882101688	0.0000000000
0.0308143652637	-0.0262692986277	0.0000000000
0.0308353967160	-0.0263502653220	0.0000000000
0.0308563672860	-0.0264311170164	0.0000000000
0.0308772837384	-0.0265118401815	0.0000000000
0.0308981528379	-0.0265924551114	0.0000000000
0.0309189678198	-0.0266729482767	0.0000000000
0.0309397354488	-0.0267533129127	0.0000000000
0.0309604421955	-0.0268335557841	0.0000000000
0.0309811015893	-0.0269136836556	0.0000000000
0.0310017068655	-0.0269936897625	0.0000000000
0.0310222580241	-0.0270735808695	0.0000000000
0.0310427618298	-0.0271533434472	0.0000000000
0.0310632047532	-0.0272329910250	0.0000000000
0.0310836070884	-0.0273125168382	0.0000000000
0.0311039485413	-0.0273919276515	0.0000000000
0.0311242494060	-0.0274712167002	0.0000000000
0.0311444893884	-0.0275503839843	0.0000000000
0.0311646820179	-0.0276294362685	0.0000000000
0.0311848272945	-0.0277083667881	0.0000000000
0.0312049184535	-0.0277871823078	0.0000000000
0.0312249622596	-0.0278658760629	0.0000000000
0.0312449587128	-0.0279444480534	0.0000000000
0.0312649010484	-0.0280228982793	0.0000000000
0.0312847892664	-0.0281012335053	0.0000000000
0.0313046368962	-0.0281794469667	0.0000000000
0.0313244304084	-0.0282575454282	0.0000000000
0.0313441765677	-0.0283355221251	0.0000000000
0.0313638753741	-0.0284133770574	0.0000000000
0.0313835268276	-0.0284911102251	0.0000000000
0.0314031309282	-0.0285687283929	0.0000000000
0.0314226809112	-0.0286462180314	0.0000000000
0.0314421903060	-0.0287235994347	0.0000000000
0.0314616523479	-0.0288008523087	0.0000000000
0.0314810602722	-0.0288779901828	0.0000000000
0.0315004276083	-0.0289550062923	0.0000000000
0.0315197475915	-0.0290319074019	0.0000000000
0.0315390202218	-0.0291086799822	0.0000000000
0.0315582522639	-0.0291853375626	0.0000000000
0.0315774369531	-0.0292618733784	0.0000000000
0.0315965742894	-0.0293382941943	0.0000000000
0.0316156642728	-0.0294145932456	0.0000000000
0.0316347136680	-0.0294907705323	0.0000000000
0.0316537157103	-0.0295668328191	0.0000000000
0.0316726771644	-0.0296427733413	0.0000000000
0.0316915912656	-0.0297185920989	0.0000000000
0.0317104580139	-0.0297942890919	0.0000000000
0.0317292909387	-0.0298698710850	0.0000000000
0.0317480697459	-0.0299453313135	0.0000000000
0.0317668147296	-0.0300206697774	0.0000000000
0.0317855123604	-0.0300958932414	0.0000000000
0.0318041694030	-0.0301709949408	0.0000000000
0.0318227790927	-0.0302459748756	0.0000000000
0.0318413481942	-0.0303208330458	0.0000000000
0.0318598767075	-0.0303955762161	0.0000000000
0.0318783646326	-0.0304701976218	0.0000000000
0.0318968119695	-0.0305447040276	0.0000000000
0.0319152187182	-0.0306190886688	0.0000000000
0.0319335781140	-0.0306933515454	0.0000000000
0.0319519036863	-0.0307674994221	0.0000000000
0.0319701819057	-0.0308415255342	0.0000000000
0.0319884195369	-0.0309154298817	0.0000000000
0.0320066233446	-0.0309892124646	0.0000000000
0.0320247797994	-0.0310628800476	0.0000000000
0.0320429024307	-0.0311364258660	0.0000000000
0.0320609844738	-0.0312098566845	0.0000000000
0.0320790259287	-0.0312831657384	0.0000000000
0.0320970335601	-0.0313563530277	0.0000000000
0.0321149938386	-0.0314294253171	0.0000000000
0.0321329202936	-0.0315023758419	0.0000000000
0.0321508061604	-0.0315752113668	0.0000000000
0.0321686514390	-0.0316479251271	0.0000000000
0.0321864628941	-0.0317205171228	0.0000000000
0.0322042337610	-0.0317929941186	0.0000000000
0.0322219708044	-0.0318653493498	0.0000000000
0.0322396672596	-0.0319375828164	0.0000000000
0.0322573231266	-0.0320097012831	0.0000000000
0.0322749451701	-0.0320816979852	0.0000000000
0.0322925333901	-0.0321535796874	0.0000000000
0.0323100810219	-0.0322253396250	0.0000000000
0.0323275948302	-0.0322969845627	0.0000000000
0.0323450680503	-0.0323685077358	0.0000000000
0.0323625074469	-0.0324399091443	0.0000000000
0.0323799130200	-0.0325111955529	0.0000000000
0.0323972780049	-0.0325823601969	0.0000000000
0.0324146091663	-0.0326534098410	0.0000000000
0.0324319065042	-0.0327243444852	0.0000000000
0.0324491632539	-0.0327951506001	0.0000000000
0.0324663929448	-0.0328658484798	0.0000000000
0.0324835820475	-0.0329364245949	0.0000000000
0.0325007373267	-0.0330068789454	0.0000000000
0.0325178587824	-0.0330772182960	0.0000000000
0.0325349464146	-0.0331474358820	0.0000000000
0.0325520002233	-0.0332175384681	0.0000000000
0.0325690134438	-0.0332875192896	0.0000000000
0.0325859996055	-0.0333573851112	0.0000000000
0.0326029519437	-0.0334271359329	0.0000000000
0.0326198704584	-0.0334967649900	0.0000000000
0.0326367483849	-0.0335662722825	0.0000000000
0.0326535992526	-0.0336356645751	0.0000000000
0.0326704162968	-0.0337049418678	0.0000000000
0.0326872062822	-0.0337740973959	0.0000000000
0.0327039556794	-0.0338431379241	0.0000000000
0.0327206780178	-0.0339120634524	0.0000000000
0.0327373597680	-0.0339808672161	0.0000000000
0.0327540144594	-0.0340495559799	0.0000000000
0.0327706353273	-0.0341181229791	0.0000000000
0.0327872291364	-0.0341865749784	0.0000000000
0.0328037891220	-0.0342549119778	0.0000000000
0.0328203152841	-0.0343231272126	0.0000000000
0.0328368076227	-0.0343912274475	0.0000000000
0.0328532729025	-0.0344592126825	0.0000000000
0.0328697043588	-0.0345270761529	0.0000000000
0.0328861087563	-0.0345948246234	0.0000000000
0.0329024793303	-0.0346624580940	0.0000000000
0.0329188160808	-0.0347299765647	0.0000000000
0.0329351257725	-0.0347973732708	0.0000000000
0.0329514084054	-0.0348646549770	0.0000000000
0.0329676572148	-0.0349318149186	0.0000000000
0.0329838789654	-0.0349988666250	0.0000000000
0.0330000668925	-0.0350657965668	0.0000000000
0.0330162209961	-0.0351326115087	0.0000000000
0.0330323548056	-0.0351993114507	0.0000000000
0.0330484480269	-0.0352658896281	0.0000000000
0.0330645209541	-0.0353323528056	0.0000000000
0.0330805600578	-0.0353987077479	0.0000000000
0.0330965721027	-0.0354649409256	0.0000000000
0.0331125570888	-0.0355310523387	0.0000000000
0.0331285082514	-0.0355970555166	0.0000000000
0.0331444323552	-0.0356629436946	0.0000000000
0.0331603294002	-0.0357287101080	0.0000000000
0.0331761926217	-0.0357943615215	0.0000000000
0.0331920355491	-0.0358598979351	0.0000000000
0.0332078446530	-0.0359253261135	0.0000000000
0.0332236266981	-0.0359906325273	0.0000000000
0.0332393816844	-0.0360558239412	0.0000000000
0.0332551096119	-0.0361208935905	0.0000000000
0.0332708037159	-0.0361858550046	0.0000000000
0.0332864775258	-0.0362507014188	0.0000000000
0.0333021175122	-0.0363154328331	0.0000000000
0.0333177304398	-0.0363800492475	0.0000000000
0.0333333163086	-0.0364445506620	0.0000000000
0.0333488751186	-0.0365089370766	0.0000000000
0.0333644068698	-0.0365732084913	0.0000000000
0.0333799047975	-0.0366373649061	0.0000000000
0.0333953824311	-0.0367014130857	0.0000000000
0.0334108262412	-0.0367653395007	0.0000000000
0.0334262497572	-0.0368291509158	0.0000000000
0.0334416394497	-0.0368928540957	0.0000000000
0.0334570020834	-0.0369564355110	0.0000000000
0.0334723376583	-0.0370199086911	0.0000000000
0.0334876461744	-0.0370832736360	0.0000000000
0.0335029276317	-0.0371465168163	0.0000000000
0.0335181820302	-0.0372096517614	0.0000000000
0.0335334093699	-0.0372726649419	0.0000000000
0.0335486028861	-0.0373355698872	0.0000000000
0.0335637761082	-0.0373983665973	0.0000000000
0.0335789155068	-0.0374610415428	0.0000000000
0.0335940346113	-0.0375236082531	0.0000000000
0.0336091198923	-0.0375860667282	0.0000000000
0.0336241848792	-0.0376484034387	0.0000000000
0.0336392160426	-0.0377106319140	0.0000000000
0.0336542201472	-0.0377727453894	0.0000000000
0.0336692039577	-0.0378347506296	0.0000000000
0.0336841539447	-0.0378966408699	0.0000000000
0.0336990836376	-0.0379584161103	0.0000000000
0.0337139795070	-0.0380200831155	0.0000000000
0.0337288483176	-0.0380816418855	0.0000000000
0.0337436968341	-0.0381430856556	0.0000000000
0.0337585115271	-0.0382044144258	0.0000000000
0.0337732991613	-0.0382656349608	0.0000000000
0.0337880665014	-0.0383267404959	0.0000000000
0.0338028000180	-0.0383877377958	0.0000000000
0.0338175132405	-0.0384486268605	0.0000000000
0.0338321926395	-0.0385094009253	0.0000000000
0.0338468449797	-0.0385700599902	0.0000000000
0.0338614770258	-0.0386306108199	0.0000000000
0.0338760752484	-0.0386910601791	0.0000000000
0.0338906531769	-0.0387513877737	0.0000000000
0.0339052040466	-0.0388116071331	0.0000000000
0.0339197278575	-0.0388717182573	0.0000000000
0.0339342178449	-0.0389317143816	0.0000000000
0.0339486875382	-0.0389916022707	0.0000000000
0.0339631301727	-0.0390513819246	0.0000000000
0.0339775457484	-0.0391110533433	0.0000000000
0.0339919342653	-0.0391706165268	0.0000000000
0.0340062957234	-0.0392300647104	0.0000000000
0.0340206368874	-0.0392894046588	0.0000000000
0.0340349442279	-0.0393486363720	0.0000000000
0.0340492245096	-0.0394077530853	0.0000000000
0.0340634844972	-0.0394667683281	0.0000000000
0.0340777174260	-0.0395256753357	0.0000000000
0.0340919232960	-0.0395844673434	0.0000000000
0.0341061021072	-0.0396431511159	0.0000000000
0.0341202538596	-0.0397017266532	0.0000000000
0.0341343785532	-0.0397601939553	0.0000000000
0.0341484829527	-0.0398185530222	0.0000000000
0.0341625602934	-0.0398768038539	0.0000000000
0.0341766038106	-0.0399349464504	0.0000000000
0.0341906270337	-0.0399929808117	0.0000000000
0.0342046231980	-0.0400509069378	0.0000000000
0.0342185923035	-0.0401087248287	0.0000000000
0.0342325411149	-0.0401664344844	0.0000000000
0.0342464561028	-0.0402240359049	0.0000000000
0.0342603440319	-0.0402815358549	0.0000000000
0.0342742184316	-0.0403389208050	0.0000000000
0.0342880522431	-0.0403962042846	0.0000000000
0.0343018725252	-0.0404533727643	0.0000000000
0.0343156657485	-0.0405104397735	0.0000000000
0.0343294251483	-0.0405673985475	0.0000000000
0.0343431642540	-0.0406242490863	0.0000000000
0.0343568763009	-0.0406809981546	0.0000000000
0.0343705612890	-0.0407376389877	0.0000000000
0.0343842259830	-0.0407941648209	0.0000000000
0.0343978636182	-0.0408505959483	0.0000000000
0.0344114741946	-0.0409069188405	0.0000000000
0.0344250644769	-0.0409631267328	0.0000000000
0.0344386209357	-0.0410192399193	0.0000000000
0.0344521503357	-0.0410752381059	0.0000000000
0.0344656662063	-0.0411311348220	0.0000000000
0.0344791482534	-0.0411869300676	0.0000000000
0.0344926100064	-0.0412426103133	0.0000000000
0.0345060447006	-0.0412981958532	0.0000000000
0.0345194455713	-0.0413536663932	0.0000000000
0.0345328329126	-0.0414090422274	0.0000000000
0.0345461864304	-0.0414643030617	0.0000000000
0.0345595264188	-0.0415194691902	0.0000000000
0.0345728325837	-0.0415745203188	0.0000000000
0.0345861116898	-0.0416294699769	0.0000000000
0.0345993705018	-0.0416843181645	0.0000000000
0.0346126022550	-0.0417390581169	0.0000000000
0.0346258137141	-0.0417936965988	0.0000000000
0.0346389981144	-0.0418482336102	0.0000000000
0.0346521554559	-0.0419026623864	0.0000000000
0.0346652857386	-0.0419569896921	0.0000000000
0.0346783957272	-0.0420112087626	0.0000000000
0.0346914786570	-0.0420653263626	0.0000000000
0.0347045412927	-0.0421193492568	0.0000000000
0.0347175768696	-0.0421732571511	0.0000000000
0.0347305853877	-0.0422270635749	0.0000000000
0.0347435736117	-0.0422807752929	0.0000000000
0.0347565347769	-0.0423343787757	0.0000000000
0.0347694688833	-0.0423878807880	0.0000000000
0.0347823826956	-0.0424412745651	0.0000000000
0.0347952694491	-0.0424945736364	0.0000000000
0.0348081359085	-0.0425477644725	0.0000000000
0.0348209685444	-0.0426008538381	0.0000000000
0.0348337876509	-0.0426538417332	0.0000000000
0.0348465729339	-0.0427067281578	0.0000000000
0.0348593379228	-0.0427595131119	0.0000000000
0.0348720826176	-0.0428121965955	0.0000000000
0.0348848002536	-0.0428647786086	0.0000000000
0.0348974908308	-0.0429172591512	0.0000000000
0.0349101543492	-0.0429696382233	0.0000000000
0.0349228043382	-0.0430219158249	0.0000000000
0.0349354205037	-0.0430740919560	0.0000000000
0.0349480163751	-0.0431261666166	0.0000000000
0.0349605919524	-0.0431781465714	0.0000000000
0.0349731404709	-0.0432300182910	0.0000000000
0.0349856619306	-0.0432817885401	0.0000000000
0.0349981630962	-0.0433334640834	0.0000000000
0.0350106372030	-0.0433850381562	0.0000000000
0.0350230910157	-0.0434365107585	0.0000000000
0.0350355245343	-0.0434878818903	0.0000000000
0.0350479242294	-0.0435391583163	0.0000000000
0.0350603036304	-0.0435903265071	0.0000000000
0.0350726627373	-0.0436413999921	0.0000000000
0.0350849947854	-0.0436923787713	0.0000000000
0.0350973065394	-0.0437432493153	0.0000000000
0.0351095912346	-0.0437940251535	0.0000000000
0.0351218556357	-0.0438447062859	0.0000000000
0.0351340929780	-0.0438952791831	0.0000000000
0.0351463100262	-0.0439457573745	0.0000000000
0.0351585000156	-0.0439961408601	0.0000000000
0.0351706697109	-0.0440464228752	0.0000000000
0.0351828123474	-0.0440966034198	0.0000000000
0.0351949346898	-0.0441466824939	0.0000000000
0.0352070367381	-0.0441966736269	0.0000000000
0.0352191117276	-0.0442465632894	0.0000000000
0.0352311596583	-0.0442963514814	0.0000000000
0.0352431872949	-0.0443460449676	0.0000000000
0.0352551946374	-0.0443956437480	0.0000000000
0.0352671749211	-0.0444451410579	0.0000000000
0.0352791349107	-0.0444945436620	0.0000000000
0.0352910678415	-0.0445438380309	0.0000000000
0.0353029804782	-0.0445930512234	0.0000000000
0.0353148728208	-0.0446421561807	0.0000000000
0.0353267381046	-0.0446911664322	0.0000000000
0.0353385830943	-0.0447400887426	0.0000000000
0.0353504010252	-0.0447889095825	0.0000000000
0.0353621986620	-0.0448376289519	0.0000000000
0.0353739692400	-0.0448862536155	0.0000000000
0.0353857195239	-0.0449347903380	0.0000000000
0.0353974495137	-0.0449832188253	0.0000000000
0.0354091524447	-0.0450315593715	0.0000000000
0.0354208350816	-0.0450797984472	0.0000000000
0.0354324906597	-0.0451279495818	0.0000000000
0.0354441259437	-0.0451759992459	0.0000000000
0.0354557409336	-0.0452239609689	0.0000000000
0.0354673288647	-0.0452718212214	0.0000000000
0.0354788965017	-0.0453195867681	0.0000000000
0.0354904438446	-0.0453672576090	0.0000000000
0.0355019573640	-0.0454148405088	0.0000000000
0.0355134573540	-0.0454623219381	0.0000000000
0.0355249370499	-0.0455097086616	0.0000000000
0.0355363829223	-0.0455570006793	0.0000000000
0.0355478152653	-0.0456041979912	0.0000000000
0.0355592205495	-0.0456513073620	0.0000000000
0.0355706055396	-0.0456983152623	0.0000000000
0.0355819702356	-0.0457452352215	0.0000000000
0.0355933078728	-0.0457920604749	0.0000000000
0.0356046184512	-0.0458387910225	0.0000000000
0.0356159155002	-0.0458854268643	0.0000000000
0.0356271854904	-0.0459319747650	0.0000000000
0.0356384351865	-0.0459784279599	0.0000000000
0.0356496578238	-0.0460247796843	0.0000000000
0.0356608601670	-0.0460710502323	0.0000000000
0.0356720422161	-0.0461172193098	0.0000000000
0.0356831972064	-0.0461633072109	0.0000000000
0.0356943319026	-0.0462092868768	0.0000000000
0.0357054463047	-0.0462551853663	0.0000000000
0.0357165336480	-0.0463009891500	0.0000000000
0.0357276006972	-0.0463467049926	0.0000000000
0.0357386474523	-0.0463923261294	0.0000000000
0.0357496739133	-0.0464378525604	0.0000000000
0.0357606733155	-0.0464832910503	0.0000000000
0.0357716524236	-0.0465286348344	0.0000000000
0.0357826044729	-0.0465738906774	0.0000000000
0.0357935429928	-0.0466190518146	0.0000000000
0.0358044476892	-0.0466641250107	0.0000000000
0.0358153388562	-0.0467091035010	0.0000000000
0.0358262029644	-0.0467540008149	0.0000000000
0.0358370467785	-0.0467987966583	0.0000000000
0.0358478702985	-0.0468435045606	0.0000000000
0.0358586667597	-0.0468881312865	0.0000000000
0.0358694496915	-0.0469326565419	0.0000000000
0.0358802055645	-0.0469771006209	0.0000000000
0.0358909411434	-0.0470214432294	0.0000000000
0.0359016496635	-0.0470657046615	0.0000000000
0.0359123378895	-0.0471098781525	0.0000000000
0.0359230058214	-0.0471539569377	0.0000000000
0.0359336534592	-0.0471979477818	0.0000000000
0.0359442740382	-0.0472418506848	0.0000000000
0.0359548743231	-0.0472856656467	0.0000000000
0.0359654543139	-0.0473293859028	0.0000000000
0.0359760140106	-0.0473730249825	0.0000000000
0.0359865466485	-0.0474165761211	0.0000000000
0.0359970657570	-0.0474600325539	0.0000000000
0.0360075510420	-0.0475034010456	0.0000000000
0.0360180227976	-0.0475466815962	0.0000000000
0.0360284742591	-0.0475898742057	0.0000000000
0.0360388986618	-0.0476329856388	0.0000000000
0.0360493027704	-0.0476760023661	0.0000000000
0.0360596865849	-0.0477189311523	0.0000000000
0.0360700501053	-0.0477617787621	0.0000000000
0.0360803865669	-0.0478045316661	0.0000000000
0.0360907027344	-0.0478471966290	0.0000000000
0.0361009986078	-0.0478897804155	0.0000000000
0.0361112741871	-0.0479322762609	0.0000000000
0.0361215294723	-0.0479746841652	0.0000000000
0.0361317644634	-0.0480170041284	0.0000000000
0.0361419723957	-0.0480592361505	0.0000000000
0.0361521600339	-0.0481013869962	0.0000000000
0.0361623273780	-0.0481434499008	0.0000000000
0.0361724744280	-0.0481854248643	0.0000000000
0.0361826011839	-0.0482273118867	0.0000000000
0.0361927008810	-0.0482691177327	0.0000000000
0.0362027870487	-0.0483108356376	0.0000000000
0.0362128461576	-0.0483524656014	0.0000000000
0.0362228849724	-0.0483940143888	0.0000000000
0.0362329034931	-0.0484354752351	0.0000000000
0.0362429017197	-0.0484768549050	0.0000000000
0.0362528796522	-0.0485181466338	0.0000000000
0.0362628305259	-0.0485593504215	0.0000000000
0.0362727678702	-0.0486004730328	0.0000000000
0.0362826781557	-0.0486415077030	0.0000000000
0.0362925681471	-0.0486824611968	0.0000000000
0.0363024378444	-0.0487233267495	0.0000000000
0.0363122872476	-0.0487641111258	0.0000000000
0.0363221163567	-0.0488048143257	0.0000000000
0.0363319251717	-0.0488454295845	0.0000000000
0.0363417136926	-0.0488859636669	0.0000000000
0.0363514751547	-0.0489264098082	0.0000000000
0.0363612230874	-0.0489667747731	0.0000000000
0.0363709439613	-0.0490070585616	0.0000000000
0.0363806513058	-0.0490472544090	0.0000000000
0.0363903315915	-0.0490873690800	0.0000000000
0.0363999915831	-0.0491274025746	0.0000000000
0.0364096312806	-0.0491673481281	0.0000000000
0.0364192506840	-0.0492072192699	0.0000000000
0.0364288565580	-0.0492470024706	0.0000000000
0.0364384353732	-0.0492867044949	0.0000000000
0.0364479938943	-0.0493263185781	0.0000000000
0.0364575321213	-0.0493658582496	0.0000000000
0.0364670500542	-0.0494053167447	0.0000000000
0.0364765476930	-0.0494446872987	0.0000000000
0.0364860250377	-0.0494839766763	0.0000000000
0.0364954820883	-0.0495231848775	0.0000000000
0.0365049120801	-0.0495623119023	0.0000000000
0.0365143353072	-0.0496013645154	0.0000000000
0.0365237314755	-0.0496403224227	0.0000000000
0.0365331005850	-0.0496792059183	0.0000000000
0.0365424629298	-0.0497180150022	0.0000000000
0.0365517982158	-0.0497567361450	0.0000000000
0.0365611132077	-0.0497953761114	0.0000000000
0.0365704079055	-0.0498339349014	0.0000000000
0.0365796823092	-0.0498724125150	0.0000000000
0.0365889364188	-0.0499108157169	0.0000000000
0.0365981769990	-0.0499491377424	0.0000000000
0.0366073972851	-0.0499873718268	0.0000000000
0.0366165905124	-0.0500255314995	0.0000000000
0.0366257702103	-0.0500636167605	0.0000000000
0.0366349228494	-0.0501016140804	0.0000000000
0.0366440619591	-0.0501395369886	0.0000000000
0.0366531807747	-0.0501773787204	0.0000000000
0.0366622792962	-0.0502151392758	0.0000000000
0.0366713575236	-0.0502528186548	0.0000000000
0.0366804222216	-0.0502904236221	0.0000000000
0.0366894598608	-0.0503279474130	0.0000000000
0.0366984772059	-0.0503653900275	0.0000000000
0.0367074810216	-0.0504027582303	0.0000000000
0.0367164645432	-0.0504400520214	0.0000000000
0.0367254277707	-0.0504772578714	0.0000000000
0.0367343707041	-0.0505143893097	0.0000000000
0.0367432933434	-0.0505514463363	0.0000000000
0.0367521956886	-0.0505884154218	0.0000000000
0.0367610777397	-0.0506253168603	0.0000000000
0.0367699462614	-0.0506621371224	0.0000000000
0.0367787944890	-0.0506988829728	0.0000000000
0.0367876224225	-0.0507355476468	0.0000000000
0.0367964368266	-0.0507721311444	0.0000000000
0.0368052241719	-0.0508086402303	0.0000000000
0.0368139979878	-0.0508450749045	0.0000000000
0.0368227515096	-0.0508814351670	0.0000000000
0.0368314847373	-0.0509177142531	0.0000000000
0.0368401976709	-0.0509539189275	0.0000000000
0.0368488970751	-0.0509900424255	0.0000000000
0.0368575761852	-0.0510260915118	0.0000000000
0.0368662350012	-0.0510620661864	0.0000000000
0.0368748735231	-0.0510979664493	0.0000000000
0.0368834917509	-0.0511337855358	0.0000000000
0.0368920964493	-0.0511695302106	0.0000000000
0.0369006808536	-0.0512052004737	0.0000000000
0.0369092517285	-0.0512407963251	0.0000000000
0.0369178023093	-0.0512763110001	0.0000000000
0.0369263258313	-0.0513117580281	0.0000000000
0.0369348358239	-0.0513471238797	0.0000000000
0.0369433322871	-0.0513824153196	0.0000000000
0.0369518084562	-0.0514176391125	0.0000000000
0.0369602643312	-0.0514527817290	0.0000000000
0.0369672928545	-0.0514881881688	0.0000000000
0.0369723460854	-0.0515238246084	0.0000000000
0.0369756066708	-0.0515596301655	0.0000000000
0.0369770813754	-0.0515954763108	0.0000000000
0.0369767634345	-0.0516312345150	0.0000000000
0.0369746866716	-0.0516669115428	0.0000000000
0.0369708443220	-0.0517023585708	0.0000000000
0.0369652769739	-0.0517374538344	0.0000000000
0.0369579981567	-0.0517722040983	0.0000000000
0.0369490281645	-0.0518064808332	0.0000000000
0.0369384278796	-0.0518401622745	0.0000000000
0.0369262040667	-0.0518732416575	0.0000000000
0.0369123973140	-0.0519056378058	0.0000000000
0.0368970887979	-0.0519372086607	0.0000000000
0.0368802852831	-0.0519679474575	0.0000000000
0.0368620205931	-0.0519978068433	0.0000000000
0.0368424164925	-0.0520266379947	0.0000000000
0.0368214797460	-0.0520544273823	0.0000000000
0.0367992306477	-0.0520811614767	0.0000000000
0.0367758112563	-0.0521066982192	0.0000000000
0.0367512486306	-0.0521310173157	0.0000000000
0.0367255698294	-0.0521541255309	0.0000000000
0.0366988898526	-0.0521759078649	0.0000000000
0.0366712898766	-0.0521963304942	0.0000000000
0.0366427631367	-0.0522154001835	0.0000000000
0.0366134381622	-0.0522330560505	0.0000000000
0.0365834096589	-0.0522492372129	0.0000000000
0.0365526776268	-0.0522639707295	0.0000000000
0.0365213503011	-0.0522772092474	0.0000000000
0.0364895359170	-0.0522889189431	0.0000000000
0.0364572480039	-0.0522990998166	0.0000000000
0.0364245136206	-0.0523077653973	0.0000000000
0.0363912718848	-0.0523149021558	0.0000000000