1 0
0.98 0.00440384130955354
0.96 0.0084566350531566
0.94 0.0121547380817278
0.92 0.0155026041355896
0.9 0.0185112664799993
0.88 0.0211969513176342
0.86 0.023579818565205
0.84 0.0256828264956986
0.82 0.0275307166557515
0.8 0.0291491153685801
0.78 0.0305637480258356
0.76 0.0317997622556785
0.74 0.0328811559280427
0.72 0.0338303058200228
0.7 0.0346675926128263
0.68 0.0354111177246905
0.66 0.0360765072990387
0.64 0.0366767984608412
0.62 0.0372224027228713
0.6 0.0377211411625797
0.58 0.0381783456937797
0.56 0.0385970204178142
0.54 0.0389780566468852
0.52 0.0393204947355924
0.5 0.039621825319544
0.48 0.0398783219212256
0.46 0.040085396115157
0.44 0.0402379655088059
0.42 0.040330823640665
0.4 0.0403589994495184
0.38 0.0403180921257854
0.36 0.0402045647671286
0.34 0.0400159771049341
0.32 0.0397511333114475
0.3 0.0394101150217612
0.28 0.0389941613876763
0.26 0.0385053458739914
0.24 0.0379459813298833
0.22 0.0373176566065981
0.2 0.0366197622865677
0.18 0.0358472857526461
0.16 0.0349875179103649
0.14 0.0340150521527881
0.12 0.0328839207106286
0.1 0.0315145107737169
0.08 0.0297698548409255
0.06 0.0274067895093124
0.04 0.023952849066172
0.02 0.0182587112967182
0 0
0.02 -0.0182094339671859
0.04 -0.0244765403354335
0.06 -0.028460626602653
0.08 -0.0311939667503206
0.1 -0.0331253208267338
0.12 -0.034514234157645
0.14 -0.0355323838613782
0.16 -0.036300875446277
0.18 -0.036907107943191
0.2 -0.0374136363357377
0.22 -0.0378634650653135
0.24 -0.0382836034063733
0.26 -0.0386877193562185
0.28 -0.0390783025921091
0.3 -0.0394485477970695
0.32 -0.039784069955468
0.34 -0.0400645106017379
0.36 -0.040265065046727
0.38 -0.0403579441432347
0.4 -0.0403137745680834
0.42 -0.0401029359330679
0.44 -0.0396968296698381
0.46 -0.039069072645451
0.48 -0.0381966073201329
0.5 -0.0370607196363312
0.52 -0.0356479555327066
0.54 -0.0339509268865934
0.56 -0.0319689977267745
0.58 -0.0297088416760506
0.6 -0.027184861748344
0.62 -0.0244194638173952
0.64 -0.0214431752801314
0.66 -0.0182946006488175
0.68 -0.0150202060165838
0.7 -0.0116739245473204
0.72 -0.00831657534107938
0.74 -0.00501508821878932
0.76 -0.00184152715461218
0.78 0.00112809473957981
0.8 0.00381521560533444
0.82 0.00614034737245908
0.84 0.00802492705392087
0.86 0.00939340327292988
0.88 0.010175564357238
0.9 0.0103091142053396
0.92 0.00974250200526486
0.94 0.00843801176862685
0.96 0.00637511753015549
0.98 0.0035541099557722
1 0
